0.010000     0.726768
0.020000     0.638859
0.030000     0.595134
0.040000     0.567021
0.050000     0.546710
0.060000     0.531010
0.070000     0.518327
0.080000     0.507755
0.090000     0.498736
0.100000     0.490902
0.110000     0.484000
0.120000     0.477847
0.130000     0.472307
0.140000     0.467280
0.150000     0.462685
0.160000     0.458459
0.170000     0.454553
0.180000     0.450925
0.190000     0.447541
0.200000     0.444374
0.210000     0.441398
0.220000     0.438595
0.230000     0.435947
0.240000     0.433440
0.250000     0.431059
0.260000     0.428991
0.270000     0.427026
0.280000     0.425156
0.290000     0.423374
0.300000     0.421672
0.310000     0.420045
0.320000     0.418487
0.330000     0.416994
0.340000     0.415561
0.350000     0.414184
0.360000     0.412860
0.370000     0.411586
0.380000     0.410357
0.390000     0.409173
0.400000     0.408029
0.410000     0.406925
0.420000     0.405857
0.430000     0.404824
0.440000     0.403824
0.450000     0.402855
0.460000     0.401917
0.470000     0.401006
0.480000     0.400122
0.490000     0.399265
0.500000     0.398431
0.510000     0.397621
0.520000     0.396834
0.530000     0.396068
0.540000     0.395322
0.550000     0.394596
0.560000     0.393889
0.570000     0.393200
0.580000     0.392529
0.590000     0.391874
0.600000     0.391236
0.610000     0.390914
0.620000     0.390596
0.630000     0.390290
0.640000     0.389996
0.650000     0.389714
0.660000     0.389443
0.670000     0.389183
0.680000     0.388934
0.690000     0.388695
0.700000     0.388467
0.710000     0.388247
0.720000     0.388037
0.730000     0.387836
0.740000     0.387643
0.750000     0.387459
0.760000     0.387283
0.770000     0.387115
0.780000     0.386955
0.790000     0.386802
0.800000     0.386656
0.810000     0.386517
0.820000     0.386385
0.830000     0.386260
0.840000     0.386141
0.850000     0.386028
0.860000     0.385922
0.870000     0.385821
0.880000     0.385726
0.890000     0.385637
0.900000     0.385553
0.910000     0.388174
0.920000     0.396040
0.930000     0.409148
0.940000     0.427501
0.950000     0.451097
0.960000     0.460699
0.970000     0.470301
0.980000     0.479903
0.990000     0.489505
1.000000     0.499107
1.010000     0.508709
1.020000     0.518311
1.030000     0.527913
1.040000     0.537515
1.050000     0.547117
1.060000     0.545609
1.070000     0.544119
1.080000     0.542644
1.090000     0.541186
1.100000     0.539743
1.110000     0.538314
1.120000     0.536901
1.130000     0.535502
1.140000     0.534116
1.150000     0.533951
1.160000     0.559473
1.170000     0.603376
1.180000     0.660493
1.190000     0.728771
1.200000     0.807036
1.210000     0.894518
1.220000     0.990668
1.230000     1.095080
1.240000     1.207439
1.250000     1.327499
1.260000     1.455059
1.270000     1.589959
1.280000     1.732066
1.290000     1.881270
1.300000     2.037481
1.310000     2.200624
1.320000     2.370636
1.330000     2.547466
1.340000     2.731071
1.350000     2.921417
1.360000     3.118476
1.370000     3.322227
1.380000     3.532653
1.390000     3.749743
1.400000     3.973488
1.410000     4.203886
1.420000     4.440935
1.430000     4.684637
1.440000     4.934997
1.450000     5.192023
1.460000     5.455723
1.470000     5.726110
1.480000     6.003196
1.490000     6.286996
1.500000     6.577527
1.510000     6.874805
1.520000     7.178851
1.530000     7.489685
1.540000     7.807327
1.550000     8.131800
1.560000     8.463127
1.570000     8.801332
1.580000     9.146441
1.590000     9.498478
1.600000     9.857471
1.610000    10.223447
1.620000    10.596432
1.630000    10.918956
1.640000    10.815293
1.650000    10.713958
1.660000    10.614864
1.670000    10.517930
1.680000    10.423077
1.690000    10.330231
1.700000    10.239323
1.710000    10.150285
1.720000    10.063054
1.730000     9.977569
1.740000     9.893773
1.750000     9.811611
1.760000     9.731029
1.770000     9.651977
1.780000     9.574409
1.790000     9.498277
1.800000     9.423537
1.810000     9.350149
1.820000     9.278071
1.830000     9.207265
1.840000     9.137694
1.850000     9.069323
1.860000     9.002116
1.870000     8.936043
1.880000     8.871071
1.890000     8.807169
1.900000     8.744310
1.910000     8.682465
1.920000     8.621607
1.930000     8.561710
1.940000     8.502749
1.950000     8.444701
1.960000     8.387542
1.970000     8.331249
1.980000     8.275801
1.990000     8.221178
2.000000     8.167359
2.010000     8.114535
2.020000     8.062471
2.030000     8.011155
2.040000     7.960570
2.050000     7.910698
2.060000     7.861523
2.070000     7.813030
2.080000     7.765203
2.090000     7.718026
