0.010000    13.911308    -0.011350
0.020000    13.911308    -0.011350
0.030000    13.911308    -0.011350
0.040000    13.911308    -0.011350
0.050000    13.911308    -0.011350
0.060000    13.911308    -0.011350
0.070000    13.911308    -0.011350
0.080000    13.911308    -0.011350
0.090000    13.911308    -0.011350
0.100000    13.911308    -0.011350
0.110000    13.911308    -0.011350
0.120000    13.911308    -0.011350
0.130000    13.911308    -0.011350
0.140000    13.911308    -0.011350
0.150000    13.911308    -0.011350
0.160000    13.911308    -0.011350
0.170000    13.911308    -0.011350
0.180000    13.911308    -0.011350
0.190000    13.911308    -0.011350
0.200000    13.911308    -0.011350
0.210000    13.911308    -0.011350
0.220000    13.911308    -0.011350
0.230000    13.911308    -0.011350
0.240000    13.911308    -0.011350
0.250000    13.911308    -0.011350
0.260000    13.911308    -0.011350
0.270000    13.911308    -0.011350
0.280000    13.911308    -0.011350
0.290000    13.911308    -0.011350
0.300000    13.911308    -0.011350
0.310000    13.911308    -0.011350
0.320000    13.911308    -0.011350
0.330000    13.911308    -0.011350
0.340000    13.911308    -0.011350
0.350000    13.911308    -0.011350
0.360000    13.911308    -0.011350
0.370000    13.911308    -0.011350
0.380000    13.911308    -0.011350
0.390000    13.911308    -0.011350
0.400000    13.911308    -0.011350
0.410000    13.911308    -0.011350
0.420000    13.911308    -0.011350
0.430000    13.911308    -0.011350
0.440000    13.911308    -0.011350
0.450000    13.911308    -0.011350
0.460000    13.911308    -0.011350
0.470000    13.911308    -0.011350
0.480000    13.911308    -0.011350
0.490000    13.911308    -0.011350
0.500000    13.911308    -0.011350
0.510000    13.911308    -0.011350
0.520000    13.911308    -0.011350
0.530000    13.911308    -0.011350
0.540000    13.911308    -0.011350
0.550000    13.911308    -0.011350
0.560000    13.911308    -0.011350
0.570000    13.911308    -0.011350
0.580000    13.911308    -0.011350
0.590000    13.911308    -0.011350
0.600000    13.911308    -0.011350
0.610000    13.911308    -0.011350
0.620000    13.911308    -0.011350
0.630000    13.911308    -0.011350
0.640000    13.911308    -0.011350
0.650000    13.911308    -0.011350
0.660000    13.911308    -0.011350
0.670000    13.911308    -0.011350
0.680000    13.911308    -0.011350
0.690000    13.911308    -0.011350
0.700000    13.911308    -0.011350
0.710000    13.911308    -0.011350
0.720000    13.911308    -0.011350
0.730000    13.911308    -0.011350
0.740000    13.911308    -0.011350
0.750000    13.911308    -0.011350
0.760000    13.911308    -0.011350
0.770000    13.911308    -0.011350
0.780000    13.911308    -0.011350
0.790000    13.911308    -0.011350
0.800000    13.911308    -0.011350
0.810000    13.911308    -0.011350
0.820000    13.911308    -0.011350
0.830000    13.911308    -0.011350
0.840000    13.911308    -0.011350
0.850000    13.911308    -0.011350
0.860000    13.911308    -0.011350
0.870000    13.911308    -0.011350
0.880000    13.911308    -0.011350
0.890000    13.911308    -0.011350
0.900000    13.911308    -0.011350
0.910000    13.969482    -0.011350
0.920000    14.027656    -0.011350
0.930000    14.085829    -0.011350
0.940000    14.144003    -0.011350
0.950000    14.202177    -0.011350
0.960000    14.260350    -0.011350
0.970000    14.318524    -0.011350
0.980000    14.376697    -0.011350
0.990000    14.434871    -0.011350
1.000000    14.493045    -0.011350
1.010000    14.551218    -0.011350
1.020000    14.609392    -0.011350
1.030000    14.667566    -0.011350
1.040000    14.725739    -0.011350
1.050000    14.783913    -0.011350
1.060000    14.855444    -0.011350
1.070000    14.913388    -0.011350
1.080000    14.967633    -0.011350
1.090000    15.018876    -0.011350
1.100000    15.067623    -0.011350
1.110000    15.114253    -0.011350
1.120000    15.159063    -0.011350
1.130000    15.157168    -0.011350
1.140000    15.119009    -0.011350
1.150000    15.081917    -0.011350
1.160000    15.045780    -0.011350
1.170000    15.010503    -0.011350
1.180000    14.976005    -0.011350
1.190000    14.942215    -0.011350
1.200000    14.909074    -0.011350
1.210000    14.876529    -0.011350
1.220000    14.844533    -0.011350
1.230000    14.813045    -0.011350
1.240000    14.782029    -0.011350
1.250000    14.751452    -0.011350
1.260000    14.721284    -0.011350
1.270000    14.691499    -0.011350
1.280000    14.662073    -0.011350
1.290000    14.632985    -0.011350
1.300000    14.604214    -0.011350
1.310000    14.575742    -0.011350
1.320000    14.547552    -0.011350
1.330000    14.519630    -0.011350
1.340000    14.491961    -0.011350
1.350000    14.464532    -0.011350
1.360000    14.437331    -0.011350
1.370000    14.410347    -0.011350
1.380000    14.383569    -0.011350
1.390000    14.356988    -0.011350
1.400000    14.330594    -0.011350
1.410000    14.304380    -0.011350
1.420000    14.278336    -0.011350
1.430000    14.252457    -0.011350
1.440000    14.222102    -0.011296
1.450000    14.189338    -0.011213
1.460000    14.156718    -0.011129
1.470000    14.124236    -0.011045
1.480000    14.091887    -0.010961
1.490000    14.059665    -0.010878
1.500000    14.027566    -0.010794
1.510000    13.995585    -0.010710
1.520000    13.963717    -0.010627
1.530000    13.931958    -0.010543
1.540000    13.900305    -0.010459
1.550000    13.868753    -0.010376
1.560000    13.837299    -0.010292
1.570000    13.805940    -0.010208
1.580000    13.774671    -0.010125
1.590000    13.743491    -0.010041
1.600000    13.712396    -0.009957
1.610000    13.681383    -0.009874
1.620000    13.650450    -0.009790
1.630000    13.618572    -0.009706
1.640000    13.578271    -0.009623
1.650000    13.536648    -0.009539
1.660000    13.493854    -0.009455
1.670000    13.450027    -0.009372
1.680000    13.405292    -0.009288
1.690000    13.359763    -0.009204
1.700000    13.313543    -0.009121
1.710000    13.266727    -0.009037
1.720000    13.219398    -0.008953
1.730000    13.171636    -0.008870
1.740000    13.123510    -0.008786
1.750000    13.075085    -0.008702
1.760000    13.026419    -0.008619
1.770000    12.977566    -0.008535
1.780000    12.928574    -0.008451
1.790000    12.879487    -0.008368
1.800000    12.830344    -0.008284
1.810000    12.781184    -0.008200
1.820000    12.732038    -0.008117
1.830000    12.682936    -0.008033
1.840000    12.633907    -0.007949
1.850000    12.584975    -0.007866
1.860000    12.536162    -0.007782
1.870000    12.487490    -0.007698
1.880000    12.438975    -0.007614
1.890000    12.390636    -0.007531
1.900000    12.342487    -0.007447
1.910000    12.294542    -0.007363
1.920000    12.246812    -0.007280
1.930000    12.199309    -0.007196
1.940000    12.152044    -0.007112
1.950000    12.105023    -0.007029
1.960000    12.058256    -0.006945
1.970000    12.011748    -0.006861
1.980000    11.965507    -0.006778
1.990000    11.919537    -0.006694
2.000000    11.873843    -0.006610
2.010000    11.828429    -0.006527
2.020000    11.783298    -0.006443
2.030000    11.738453    -0.006359
2.040000    11.693897    -0.006276
2.050000    11.649631    -0.006192
2.060000    11.605657    -0.006108
2.070000    11.561976    -0.006025
2.080000    11.518589    -0.005941
2.090000    11.475496    -0.005857
